#  J [A] 	 V 	 L [w] 
-5.483627320000e-06 1.557439570000e-03 -2.411076450000e-09
-5.483627320000e-06 1.557439570000e-03 -2.503812710000e-09
-5.483627320000e-06 1.771420240000e-03 -2.040198010000e-09
-5.483627320000e-06 1.557439570000e-03 -2.503812710000e-09
-5.483627320000e-06 1.771420240000e-03 -2.411076450000e-09
1.859962940000e-03 1.901589160000e+00 1.720524660000e-06
2.589926120000e-03 1.923202280000e+00 2.345032270000e-06
3.076560800000e-03 1.929836030000e+00 2.943020040000e-06
3.806516530000e-03 1.936683890000e+00 3.444758700000e-06
4.455365240000e-03 1.944815640000e+00 3.444758700000e-06
5.104221400000e-03 1.955729010000e+00 5.194074670000e-06
5.671963100000e-03 1.960436820000e+00 5.844383400000e-06
6.320811810000e-03 1.968568560000e+00 6.508686970000e-06
6.888560950000e-03 1.977984190000e+00 7.516337970000e-06
7.537409660000e-03 1.987399820000e+00 8.393368260000e-06
8.186258380000e-03 1.988469840000e+00 9.099659110000e-06
8.835114540000e-03 1.994889500000e+00 9.895516090000e-06
9.483963250000e-03 2.000881430000e+00 1.076135050000e-05
1.005170490000e-02 2.006231070000e+00 1.201158740000e-05
1.061945410000e-02 2.011794810000e+00 1.300710940000e-05
1.126830280000e-02 2.017358780000e+00 1.385521680000e-05
1.191715150000e-02 2.022280450000e+00 1.463521400000e-05
1.280932130000e-02 2.032766100000e+00 1.611403600000e-05
1.329596340000e-02 2.038115980000e+00 1.723831340000e-05
1.378259810000e-02 2.037901880000e+00 1.804910240000e-05
