#  J [A] 	 V 	 L [w] 
-5.483627320000e-06 9.154677390000e-04 -2.411076450000e-09
-5.483627320000e-06 1.771420240000e-03 -2.225670540000e-09
7.562339310000e-05 1.771420240000e-03 -2.411076450000e-09
2.378374340000e-04 1.840173720000e+00 2.282903750000e-07
6.433725360000e-04 1.863926650000e+00 4.888495940000e-07
1.048900190000e-03 1.882116080000e+00 7.966061160000e-07
1.454435290000e-03 1.894313570000e+00 1.133478350000e-06
1.859962940000e-03 1.904585120000e+00 1.492326760000e-06
2.265498040000e-03 1.913144830000e+00 1.855347930000e-06
2.671025690000e-03 1.922560450000e+00 2.343363120000e-06
3.076560800000e-03 1.929622170000e+00 2.760072450000e-06
3.563195470000e-03 1.936683890000e+00 3.205619350000e-06
4.049837590000e-03 1.942675590000e+00 3.651444100000e-06
4.374265670000e-03 1.948453430000e+00 4.100514620000e-06
4.779793320000e-03 1.951449160000e+00 4.100514620000e-06
5.104221400000e-03 1.958510880000e+00 5.060654080000e-06
5.509749050000e-03 1.961078880000e+00 5.527159370000e-06
5.915284160000e-03 1.966000800000e+00 6.033784300000e-06
6.401918830000e-03 1.972206350000e+00 6.536677120000e-06
6.807453930000e-03 1.977770330000e+00 7.054498380000e-06
7.212981580000e-03 1.981836080000e+00 7.576984440000e-06
7.618516680000e-03 1.985901830000e+00 8.113464900000e-06
8.024044330000e-03 1.989967820000e+00 8.655545570000e-06
8.672900500000e-03 1.994033580000e+00 9.217218580000e-06
8.754007520000e-03 1.997885470000e+00 9.775158110000e-06
9.240642190000e-03 2.000025270000e+00 1.035549210000e-05
9.565070270000e-03 2.004733090000e+00 1.094049000000e-05
9.970597920000e-03 2.008799080000e+00 1.154787970000e-05
1.045724000000e-02 2.012436870000e+00 1.215340310000e-05
1.078166070000e-02 2.015860800000e+00 1.276639340000e-05
1.118719580000e-02 2.019284730000e+00 1.341390180000e-05
1.159272340000e-02 2.022494550000e+00 1.406234510000e-05
1.207936560000e-02 2.025918250000e+00 1.469679230000e-05
1.240379360000e-02 2.029342170000e+00 1.538442120000e-05
1.280932130000e-02 2.032338140000e+00 1.606272050000e-05
1.321485640000e-02 2.032552000000e+00 1.676341160000e-05
1.362038400000e-02 2.038757800000e+00 1.748929570000e-05
1.402591910000e-02 2.041325810000e+00 1.823383720000e-05
1.443144680000e-02 2.045605660000e+00 1.914912170000e-05
1.499919590000e-02 2.048815490000e+00 1.993751540000e-05
1.540472360000e-02 2.051383260000e+00 2.074363690000e-05
1.572915170000e-02 2.054593320000e+00 2.158614550000e-05
1.621578630000e-02 2.057589050000e+00 2.243238670000e-05
1.654021440000e-02 2.060370920000e+00 2.331314860000e-05
1.694574210000e-02 2.062510970000e+00 2.424242850000e-05
1.743238420000e-02 2.065934900000e+00 2.519876400000e-05
1.775681230000e-02 2.068716760000e+00 2.620828310000e-05
1.816233990000e-02 2.070428610000e+00 2.725045670000e-05
1.856787500000e-02 2.074280500000e+00 2.837006830000e-05
1.897340270000e-02 2.076206450000e+00 2.950087760000e-05
